126
0.25000 0 1
0.20000 1 2
1.00000 2 3
1.00000 3 4
1.00000 4 5
1.00000 5 6
1.00000 6 7
1.00000 0 8
1.00000 8 9
1.00000 9 10
1.00000 10 11
1.00000 11 12
1.00000 12 13
1.00000 13 7
1.00000 2 14
1.00000 14 15
1.00000 15 13
1.00000 13 16
1.00000 16 5
1.00000 5 17
1.00000 17 18
1.00000 18 19
1.00000 19 20
1.00000 20 21
1.00000 21 7
0.50000 0 22
1.00000 22 23
1.00000 23 1
1.00000 2 24
1.00000 24 25
1.00000 25 26
0.50000 26 22
0.33333 22 27
0.50000 27 28
1.00000 28 29
1.00000 29 30
1.00000 30 31
1.00000 31 32
1.00000 32 33
1.00000 33 26
1.00000 28 34
1.00000 34 35
1.00000 35 7
1.00000 0 13
1.00000 13 36
1.00000 36 37
1.00000 37 38
1.00000 38 39
1.00000 39 6
1.00000 6 40
1.00000 40 41
1.00000 41 42
1.00000 42 43
1.00000 43 44
1.00000 44 45
1.00000 45 46
1.00000 46 47
1.00000 47 48
1.00000 48 11
0.50000 11 49
0.33333 49 22
0.50000 22 50
0.50000 50 51
0.50000 51 52
0.50000 52 53
0.50000 53 7
1.00000 0 54
1.00000 54 36
1.00000 36 55
1.00000 55 56
1.00000 56 28
1.00000 28 1
1.00000 1 37
1.00000 37 57
1.00000 57 58
1.00000 58 59
1.00000 59 19
1.00000 19 60
1.00000 60 7
1.00000 2 61
1.00000 61 11
1.00000 11 62
1.00000 62 30
1.00000 30 22
1.00000 27 22
1.00000 22 48
1.00000 48 63
1.00000 63 49
1.00000 22 64
1.00000 64 28
1.00000 28 22
1.00000 22 65
1.00000 65 66
1.00000 66 67
1.00000 67 68
1.00000 68 52
1.00000 52 8
1.00000 8 7
1.00000 0 69
1.00000 69 2
1.00000 2 70
1.00000 70 11
1.00000 22 71
1.00000 71 72
1.00000 72 73
1.00000 73 30
1.00000 30 74
1.00000 74 75
1.00000 75 76
1.00000 76 33
1.00000 33 77
1.00000 77 78
1.00000 78 79
1.00000 79 80
1.00000 80 81
1.00000 81 82
1.00000 82 30
1.00000 30 75
1.00000 75 83
1.00000 83 7
1.00000 2 84
1.00000 84 28
1.00000 28 74
1.00000 74 85
1.00000 85 17
1.00000 17 7